page : 1
177438485
2373531
885723
152787048
41892448
41163442
165018164
40041515
6130750
159760638
1405417
42928495
165961161
4640061
6435390
163524998
885260
3308923
180519005
5036314
5076684
41234790
5471071
885791
88851136
69027
42516364
2712901
3314222
3253224
40494079
page : 2
42491173
167057408
6921586
5947561
163852844
2460918
2767159
95361996
3247865
6258891
167001017
6506298
2509136
90557050
2344424
6685345
179442963
41981119
20361
186395565
2374129
42348561
187705391
40671548
1470634
179448480
2347954
885350
1480842
41403287
2493478
page : 3
5588513
42358880
128369541
5996160
2731171
4106052
4512073
5593587
181442730
4021868
40151731
162902322
885647
5474945
40141506
51917427
6351120
106856534
6207359
6214183
184538724
42937365
2349138
156644547
6755313
41535363
186112634
1456700
886151
187705391
42463705
page : 4
186646696
6839524
40408737
181440533
42684396
2425302
112951324
5026694
4228729
150087369
40886572
6829715
108292697
41259766
2346175
1508864
5695551
41340565
177603123
886263
5140661
168082916
2344710
2375234
2775282
42545890
41438687
182001902
4356240
4559651
181489896
page : 5
2347491
178831010
885351
2344206
187427167
1139254
3316430
163284684
2846450
41266956
2345335
4887783
5195803
165510409
50646907
42088600
63600166
885302
6878578
184347207
4960323
79059112
157065884
2373809
4902284
177757938
6333946
5530294
2346369
5332219
42930742
page : 6
1474223
41534224
171082316
42063023
41945067
163346508
42882925
6868998
184782653
6494288
6840383
175272722
40922081
5014308
184374589
6901579
41891401
165239163
41715924
5215211
1487118
42659052
5038860
169277935
2537700
2345666
179452677
40740792
6311887
177798828
2344376
page : 7
185306288
1515115
2348982
169303100
6107905
4547179
157846507
50758818
51524794
91540603
5050758
5741059
169239945
40341566
2343845
184895019
42757492
42489765
184623995
1135617
2767790
100933111
4070354
41792714
164007601
41626159
2348464
182382168
40504247
41482315
169465636
page : 8
4001751
2348314
2673145
886196
2345667
40018498
6555729
165281251
5524044
42875877
169464494
4443131
41661999
175305518
2519789
42101386
170570671
40901448
40949138
184752192
2725197
42514336
99293581
41550233
42043802
101012593
41936297
50893906
182454830
40120736
42792797
